57
63
42
25
4
28
47
11
99
23
92
64
12
30
25
21
75
72
45
72
64
87
67
3
70
7
24
70
3
71
32
47
18
32
39
64
51
6
32
1
80
83
81
76
41
76
3
3
26
85
97
65
40
56
21
69
62
76
50
31
57
46
99
25
29
39
47
71
37
36
48
35
22
46
91
27
77
95
79
4
55
29
60
49
96
10
35
15
52
4
27
37
80
76
66
28
64
68
1
37
6
44
83
15
61
70
66
14
68
99
83
52
29
11
69
22
66
75
63
38
96
19
27
26
16
34
85
63
16
53
32
37
62
97
73
93
24
25
91
11
61
1
8
3
10
89
60
11
57
46
74
35
8
56
64
78
86
42
84
33
6
37
75
30
43
64
81
75
44
32
45
80
17
70
90
66
16
80
98
64
12
69
47
26
77
22
64
58
11
23
43
92
53
36
82
62
56
59
17
82
8
13
16
28
68
58
27
82
23
93
70
52
55
87
70
22
83
39
69
57
62
36
44
4
45
48
23
86
28
44
98
59
25
93
53
77
50
26
54
